name: my_virtual_env
channels:
  - conda-forge
  - defaults
dependencies:
  - asttokens=3.0.0=pyhd8ed1ab_1
  - bzip2=1.0.8=h2466b09_7
  - ca-certificates=2025.8.3=h4c7d964_0
  - colorama=0.4.6=pyhd8ed1ab_1
  - comm=0.2.3=pyhe01879c_0
  - cpython=3.10.18=py310hd8ed1ab_0
  - debugpy=1.8.16=py310h699e580_0
  - decorator=5.2.1=pyhd8ed1ab_0
  - exceptiongroup=1.3.0=pyhd8ed1ab_0
  - executing=2.2.0=pyhd8ed1ab_0
  - importlib-metadata=8.7.0=pyhe01879c_1
  - ipykernel=6.30.1=pyh3521513_0
  - ipython=8.37.0=pyha7b4d00_0
  - jedi=0.19.2=pyhd8ed1ab_1
  - jupyter_client=8.6.3=pyhd8ed1ab_1
  - jupyter_core=5.8.1=pyh5737063_0
  - krb5=1.21.3=hdf4eb48_0
  - libblas=3.9.0=34_h5709861_mkl
  - libcblas=3.9.0=34_h2a3cdd5_mkl
  - libexpat=2.7.1=hac47afa_0
  - libffi=3.4.6=h537db12_1
  - libhwloc=2.11.2=default_hc8275d1_1000
  - libiconv=1.18=hc1393d2_2
  - liblapack=3.9.0=34_hf9ab0e9_mkl
  - liblzma=5.8.1=h2466b09_2
  - libsodium=1.0.20=hc70643c_0
  - libsqlite=3.50.4=hf5d6505_0
  - libxml2=2.13.8=h741aa76_1
  - libzlib=1.3.1=h2466b09_2
  - llvm-openmp=20.1.8=hfa2b4ca_1
  - m2w64-gcc-libgfortran=5.3.0=6
  - m2w64-gcc-libs=5.3.0=7
  - m2w64-gcc-libs-core=5.3.0=7
  - m2w64-gmp=6.1.0=2
  - m2w64-libwinpthread-git=5.0.0.4634.697f757=2
  - matplotlib-inline=0.1.7=pyhd8ed1ab_1
  - mkl=2024.2.2=h57928b3_16
  - msys2-conda-epoch=20160418=1
  - nest-asyncio=1.6.0=pyhd8ed1ab_1
  - numpy=1.24.4=py310hd02465a_0
  - openssl=3.5.2=h725018a_0
  - packaging=25.0=pyh29332c3_1
  - parso=0.8.4=pyhd8ed1ab_1
  - pickleshare=0.7.5=pyhd8ed1ab_1004
  - pip=25.2=pyh8b19718_0
  - platformdirs=4.3.8=pyhe01879c_0
  - prompt-toolkit=3.0.51=pyha770c72_0
  - psutil=7.0.0=py310ha8f682b_0
  - pthreads-win32=2.9.1=h2466b09_4
  - pure_eval=0.2.3=pyhd8ed1ab_1
  - pygments=2.19.2=pyhd8ed1ab_0
  - python=3.10.18=h8c5b53a_0_cpython
  - python-dateutil=2.9.0.post0=pyhe01879c_2
  - python_abi=3.10=8_cp310
  - pywin32=311=py310h282bd7d_0
  - pyzmq=27.0.1=py310h49f0f51_0
  - scipy=1.9.1=py310h578b7cb_0
  - setuptools=80.9.0=pyhff2d567_0
  - six=1.17.0=pyhe01879c_1
  - stack_data=0.6.3=pyhd8ed1ab_1
  - tbb=2021.13.0=h62715c5_1
  - tk=8.6.13=h2c6b04d_2
  - tornado=6.5.2=py310h29418f3_0
  - traitlets=5.14.3=pyhd8ed1ab_1
  - typing_extensions=4.14.1=pyhe01879c_0
  - tzdata=2025b=h78e105d_0
  - ucrt=10.0.22621.0=h57928b3_1
  - vc=14.3=h41ae7f8_31
  - vc14_runtime=14.44.35208=h818238b_31
  - vcomp14=14.44.35208=h818238b_31
  - vs2015_runtime=14.44.35208=h38c0c73_31
  - wcwidth=0.2.13=pyhd8ed1ab_1
  - wheel=0.45.1=pyhd8ed1ab_1
  - zeromq=4.3.5=ha9f60a1_7
  - zipp=3.23.0=pyhd8ed1ab_0
prefix: C:\Users\zhe_h\miniconda3\envs\my_virtual_env
